000010000000
000010000001
000010000010
000010000011
000010000100
000010000101
000010000110
000010000111
000010001000
000010001001
000010001010
000010001011
000010001100
000010001101
000010001110
000010001111
000010010000
000010010001
000010010010
000010010011
000010010100
000010010101
000010010110
000010010111
000010011000
000010011001
000010011010
000010011011
000010011100
000010011101
000010011110
000010011111
000010100000
000010100001
000010100010
000010100011
000010100100
000010100101
000010100110
000010100111
000010101000
000010101001
000010101010
000010101011
000010101100
000010101101
000010101110
000010101111
000010110000
000010110001
000010110010
000010110011
000010110100
000010110101
000010110110
000010110111
000010111000
000010111001
000010111010
000010111011
000010111100
000010111101
000010111110
000010111111
000011000000
000011000001
000011000010
000011000011
000011000100
000011000101
000011000110
000011000111
000011001000
000011001001
000011001010
000011001011
000011001100
000011001101
000011001110
000011001111
000011010000
000011010001
000011010010
000011010011
000011010100
000011010101
000011010110
000011010111
000011011000
000011011001
000011011010
000011011011
000011011100
000011011101
000011011110
000011011111
000011100000
000011100001
000011100010
000011100011
000011100100
000011100101
000011100110
000011100111
000011101000
000011101001
000011101010
000011101011
000011101100
000011101101
000011101110
000011101111
000011110000
000011110001
000011110010
000011110011
000011110100
000011110101
000011110110
000011110111
000011111000
000011111001
000011111010
000011111011
000011111100
000011111101
000011111110
000011111111
000100000000
000100000001
000100000010
000100000011
000100000100
000100000101
000100000110
000100000111
000100001000
000100001001
000100001010
000100001011
000100001100
000100001101
000100001110
000100001111
000100010000
000100010001
000100010010
000100010011
000100010100
000100010101
000100010110
000100010111
000100011000
000100011001
000100011010
000100011011
000100011100
000100011101
000100011110
000100011111
000100100000
000100100001
000100100010
000100100011
000100100100
000100100101
000100100110
000100100111
000100101000
000100101001
000100101010
000100101011
000100101100
000100101101
000100101110
000100101111
000100110000
000100110001
000100110010
000100110011
000100110100
000100110101
000100110110
000100110111
000100111000
000100111001
000100111010
000100111011
000100111100
000100111101
000100111110
000100111111
000101000000
000101000001
000101000010
000101000011
000101000100
000101000101
000101000110
000101000111
000101001000
000101001001
000101001010
000101001011
000101001100
000101001101
000101001110
000101001111
000101010000
000101010001
000101010010
000101010011
000101010100
000101010101
000101010110
000101010111
000101011000
000101011001
000101011010
000101011011
000101011100
000101011101
000101011110
000101011111
000101100000
000101100001
000101100010
000101100011
000101100100
000101100101
000101100110
000101100111
000101101000
000101101001
000101101010
000101101011
000101101100
000101101101
000101101110
000101101111
000101110000
000101110001
000101110010
000101110011
000101110100
000101110101
000101110110
000101110111
000101111000
000101111001
000101111010
000101111011
000101111100
000101111101
000101111110
