000010000000
000110000001
001010000010
001110000011
010010000100
010110000101
011010000110
011110000111
100010001000
100110001001
101010001010
101110001011
110010001100
110110001101
111010001110
111110001111
000010010000
000110010001
001010010010
001110010011
010010010100
010110010101
011010010110
011110010111
100010011000
100110011001
101010011010
101110011011
110010011100
110110011101
111010011110
111110011111
000010100000
000110100001
001010100010
001110100011
010010100100
010110100101
011010100110
011110100111
100010101000
100110101001
101010101010
101110101011
110010101100
110110101101
111010101110
111110101111
000010110000
000110110001
001010110010
001110110011
010010110100
010110110101
011010110110
011110110111
100010111000
100110111001
101010111010
101110111011
110010111100
110110111101
111010111110
111110111111
000011000000
000111000001
001011000010
001111000011
010011000100
010111000101
011011000110
011111000111
100011001000
100111001001
101011001010
101111001011
110011001100
110111001101
111011001110
111111001111
000011010000
000111010001
001011010010
001111010011
010011010100
010111010101
011011010110
011111010111
100011011000
100111011001
101011011010
101111011011
110011011100
110111011101
111011011110
111111011111
000011100000
000111100001
001011100010
001111100011
010011100100
010111100101
011011100110
011111100111
100011101000
100111101001
101011101010
101111101011
110011101100
110111101101
111011101110
111111101111
000011110000
000111110001
001011110010
001111110011
010011110100
010111110101
011011110110
011111110111
100011111000
100111111001
101011111010
101111111011
110011111100
110111111101
111011111110
111111111111
000100000000
001100000001
010100000010
011100000011
100100000100
101100000101
110100000110
111100000111
000100001000
001100001001
010100001010
011100001011
100100001100
101100001101
110100001110
111100001111
000100010000
001100010001
010100010010
011100010011
100100010100
101100010101
110100010110
111100010111
000100011000
001100011001
010100011010
011100011011
100100011100
101100011101
110100011110
111100011111
000100100000
001100100001
010100100010
011100100011
100100100100
101100100101
110100100110
111100100111
000100101000
001100101001
010100101010
011100101011
100100101100
101100101101
110100101110
111100101111
000100110000
001100110001
010100110010
011100110011
100100110100
101100110101
110100110110
111100110111
000100111000
001100111001
010100111010
011100111011
100100111100
101100111101
110100111110
111100111111
000101000000
001101000001
010101000010
011101000011
100101000100
101101000101
110101000110
111101000111
000101001000
001101001001
010101001010
011101001011
100101001100
101101001101
110101001110
111101001111
000101010000
001101010001
010101010010
011101010011
100101010100
101101010101
110101010110
111101010111
000101011000
001101011001
010101011010
011101011011
100101011100
101101011101
110101011110
111101011111
000101100000
001101100001
010101100010
011101100011
100101100100
101101100101
110101100110
111101100111
000101101000
001101101001
010101101010
011101101011
100101101100
101101101101
110101101110
111101101111
000101110000
001101110001
010101110010
011101110011
100101110100
101101110101
110101110110
111101110111
000101111000
001101111001
010101111010
011101111011
100101111100
101101111101
110101111110
