000110000000
001010000001
001110000010
010010000011
010110000100
011010000101
011110000110
100010000111
100110001000
101010001001
101110001010
110010001011
110110001100
111010001101
111110001110
000010001111
000110010000
001010010001
001110010010
010010010011
010110010100
011010010101
011110010110
100010010111
100110011000
101010011001
101110011010
110010011011
110110011100
111010011101
111110011110
000010011111
000110100000
001010100001
001110100010
010010100011
010110100100
011010100101
011110100110
100010100111
100110101000
101010101001
101110101010
110010101011
110110101100
111010101101
111110101110
000010101111
000110110000
001010110001
001110110010
010010110011
010110110100
011010110101
011110110110
100010110111
100110111000
101010111001
101110111010
110010111011
110110111100
111010111101
111110111110
000010111111
000111000000
001011000001
001111000010
010011000011
010111000100
011011000101
011111000110
100011000111
100111001000
101011001001
101111001010
110011001011
110111001100
111011001101
111111001110
000011001111
000111010000
001011010001
001111010010
010011010011
010111010100
011011010101
011111010110
100011010111
100111011000
101011011001
101111011010
110011011011
110111011100
111011011101
111111011110
000011011111
000111100000
001011100001
001111100010
010011100011
010111100100
011011100101
011111100110
100011100111
100111101000
101011101001
101111101010
110011101011
110111101100
111011101101
111111101110
000011101111
000111110000
001011110001
001111110010
010011110011
010111110100
011011110101
011111110110
100011110111
100111111000
101011111001
101111111010
110011111011
110111111100
111011111101
111111111110
000011111111
001100000000
010100000001
011100000010
100100000011
101100000100
110100000101
111100000110
000100000111
001100001000
010100001001
011100001010
100100001011
101100001100
110100001101
111100001110
000100001111
001100010000
010100010001
011100010010
100100010011
101100010100
110100010101
111100010110
000100010111
001100011000
010100011001
011100011010
100100011011
101100011100
110100011101
111100011110
000100011111
001100100000
010100100001
011100100010
100100100011
101100100100
110100100101
111100100110
000100100111
001100101000
010100101001
011100101010
100100101011
101100101100
110100101101
111100101110
000100101111
001100110000
010100110001
011100110010
100100110011
101100110100
110100110101
111100110110
000100110111
001100111000
010100111001
011100111010
100100111011
101100111100
110100111101
111100111110
000100111111
001101000000
010101000001
011101000010
100101000011
101101000100
110101000101
111101000110
000101000111
001101001000
010101001001
011101001010
100101001011
101101001100
110101001101
111101001110
000101001111
001101010000
010101010001
011101010010
100101010011
101101010100
110101010101
111101010110
000101010111
001101011000
010101011001
011101011010
100101011011
101101011100
110101011101
111101011110
000101011111
001101100000
010101100001
011101100010
100101100011
101101100100
110101100101
111101100110
000101100111
001101101000
010101101001
011101101010
100101101011
101101101100
110101101101
111101101110
000101101111
001101110000
010101110001
011101110010
100101110011
101101110100
110101110101
111101110110
000101110111
001101111000
010101111001
011101111010
100101111011
101101111100
110101111101
111101111110
