01010
10100
01000
10000
00000
11101
11010
01001
10010
11001
01111
11110
00001
11111
11110
00001
00010
11001
01111
11110
11100
00101
01010
01001
01111
11110
11100
11000
10000
11101
00111
10011
11011
01011
10110
10001
11111
11110
00001
11111
00011
11011
10110
10001
00010
11001
01111
00011
00110
10001
00010
00100
01000
01101
11010
10100
01000
10000
11101
00111
01110
00001
11111
11110
11100
11000
01101
00111
10011
11011
10110
01100
00101
10111
10011
00110
01100
00101
10111
01110
11100
11000
01101
11010
01001
01111
11110
00001
00010
00100
10101
01010
10100
01000
01101
11010
01001
10010
00100
10101
01010
01001
10010
11001
10010
00100
10101
10111
10011
00110
10001
11111
00011
00110
10001
11111
11110
11100
00101
10111
10011
11011
10110
10001
11111
00011
11011
01011
01011
10110
10001
00010
00100
10101
10111
01110
11100
00101
10111
01110
00001
00010
11001
10010
00100
01000
01101
00111
01110
11100
11000
10000
00000
11101
00111
10011
00110
10001
00010
11001
10010
11001
10010
11001
01111
00011
11011
01011
10110
01100
00101
01010
01001
10010
00100
01000
10000
11101
11010
10100
10101
10111
10011
11011
01011
01011
01011
01011
10110
01100
11000
10000
11101
11010
01001
01111
00011
11011
10110
01100
11000
01101
00111
01110
00001
00010
00100
01000
10000
00000
00000
00000
11101
11010
10100
01000
01101
00111
10011
00110
01100
11000
01101
11010
10100
10101
01010
01001
01111
00011
00110
01100
11000
10000
00000
00000
11101
00111
01110
11100
00101
01010
10100
10101
01010
10100
10101
10111
01110
00001
11111
00011
00110
01100
00101
