# TV SET E 
Initial Seed: 10000000

100001110100001110100001110110000000
000011101000011101000011101100011101
000111010000111010000111011000111010
001110100001110100001110110001110100
011101000011101000011101100011101000
111010000111010000111011000111010000
110100001110100001110110001110111101
101000011101000011101100011101100111
010000111010000111011000111011010011
100001110100001110110001110110100110
000011101000011101100011101101010001
000111010000111011000111011010100010
001110100001110110001110110101000100
011101000011101100011101101010001000
111010000111011000111011010100010000
110100001110110001110110101000111101
101000011101100011101101010001100111
010000111011000111011010100011010011
100001110110001110110101000110100110
000011101100011101101010001101010001
000111011000111011010100011010100010
001110110001110110101000110101000100
011101100011101101010001101010001000
111011000111011010100011010100010000
110110001110110101000110101000111101
101100011101101010001101010001100111
011000111011010100011010100011010011
110001110110101000110101000110100110
100011101101010001101010001101010001
000111011010100011010100011010111111
001110110101000110101000110101111110
011101101010001101010001101011111100
111011010100011010100011010111111000
110110101000110101000110101111101101
101101010001101010001101011111000111
011010100011010100011010111110010011
110101000110101000110101111100100110
101010001101010001101011111001010001
010100011010100011010111110010111111
101000110101000110101111100101111110
010001101010001101011111001011100001
100011010100011010111110010111000010
000110101000110101111100101110011001
001101010001101011111001011100110010
011010100011010111110010111001100100
110101000110101111100101110011001000
101010001101011111001011100110001101
010100011010111110010111001100000111
101000110101111100101110011000001110
010001101011111001011100110000000001
100011010111110010111001100000000010
000110101111100101110011000000011001
001101011111001011100110000000110010
011010111110010111001100000001100100
110101111100101110011000000011001000
101011111001011100110000000110001101
010111110010111001100000001100000111
101111100101110011000000011000001110
011111001011100110000000110000000001
111110010111001100000001100000000010
111100101110011000000011000000011001
111001011100110000000110000000101111
110010111001100000001100000001000011
100101110011000000011000000010011011
001011100110000000110000000100101011
010111001100000001100000001001010110
101110011000000011000000010010101100
011100110000000110000000100101000101
111001100000001100000001001010001010
110011000000011000000010010100001001
100110000000110000000100101000001111
001100000001100000001001010000000011
011000000011000000010010100000000110
110000000110000000100101000000001100
100000001100000001001010000000000101
000000011000000010010100000000010111
000000110000000100101000000000101110
000001100000001001010000000001011100
000011000000010010100000000010111000
000110000000100101000000000101110000
001100000001001010000000001011100000
011000000010010100000000010111000000
110000000100101000000000101110000000
100000001001010000000001011100011101
000000010010100000000010111000100111
000000100101000000000101110001001110
000001001010000000001011100010011100
000010010100000000010111000100111000
000100101000000000101110001001110000
001001010000000001011100010011100000
010010100000000010111000100111000000
100101000000000101110001001110000000
001010000000001011100010011100011101
010100000000010111000100111000111010
101000000000101110001001110001110100
010000000001011100010011100011110101
100000000010111000100111000111101010
000000000101110001001110001111001001
000000001011100010011100011110010010
000000010111000100111000111100100100
000000101110001001110001111001001000
000001011100010011100011110010010000
000010111000100111000111100100100000
000101110001001110001111001001000000
001011100010011100011110010010000000
010111000100111000111100100100000000
101110001001110001111001001000000000
011100010011100011110010010000011101
111000100111000111100100100000111010
110001001110001111001001000001101001
100010011100011110010010000011001111
000100111000111100100100000110000011
001001110001111001001000001100000110
010011100011110010010000011000001100
100111000111100100100000110000011000
001110001111001001000001100000101101
011100011110010010000011000001011010
111000111100100100000110000010110100
110001111001001000001100000101110101
100011110010010000011000001011110111
000111100100100000110000010111110011
001111001001000001100000101111100110
011110010010000011000001011111001100
111100100100000110000010111110011000
111001001000001100000101111100101101
110010010000011000001011111001000111
100100100000110000010111110010010011
001001000001100000101111100100111011
010010000011000001011111001001110110
100100000110000010111110010011101100
001000001100000101111100100111000101
010000011000001011111001001110001010
100000110000010111110010011100010100
000001100000101111100100111000110101
000011000001011111001001110001101010
000110000010111110010011100011010100
001100000101111100100111000110101000
011000001011111001001110001101010000
110000010111110010011100011010100000
100000101111100100111000110101011101
000001011111001001110001101010100111
000010111110010011100011010101001110
000101111100100111000110101010011100
001011111001001110001101010100111000
010111110010011100011010101001110000
101111100100111000110101010011100000
011111001001110001101010100111011101
111110010011100011010101001110111010
111100100111000110101010011101101001
111001001110001101010100111011001111
110010011100011010101001110110000011
100100111000110101010011101100011011
001001110001101010100111011000101011
010011100011010101001110110001010110
100111000110101010011101100010101100
001110001101010100111011000101000101
011100011010101001110110001010001010
111000110101010011101100010100010100
110001101010100111011000101000110101
100011010101001110110001010001110111
000110101010011101100010100011110011
001101010100111011000101000111100110
011010101001110110001010001111001100
110101010011101100010100011110011000
101010100111011000101000111100101101
010101001110110001010001111001000111
101010011101100010100011110010001110
010100111011000101000111100100000001
101001110110001010001111001000000010
010011101100010100011110010000011001
100111011000101000111100100000110010
001110110001010001111001000001111001
011101100010100011110010000011110010
111011000101000111100100000111100100
110110001010001111001000001111010101
101100010100011110010000011110110111
011000101000111100100000111101110011
110001010001111001000001111011100110
100010100011110010000011110111010001
000101000111100100000111101110111111
001010001111001000001111011101111110
010100011110010000011110111011111100
101000111100100000111101110111111000
010001111001000001111011101111101101
100011110010000011110111011111011010
000111100100000111101110111110101001
001111001000001111011101111101010010
011110010000011110111011111010100100
111100100000111101110111110101001000
111001000001111011101111101010001101
110010000011110111011111010100000111
100100000111101110111110101000010011
001000001111011101111101010000111011
010000011110111011111010100001110110
100000111101110111110101000011101100
000001111011101111101010000111000101
000011110111011111010100001110001010
000111101110111110101000011100010100
001111011101111101010000111000101000
011110111011111010100001110001010000
111101110111110101000011100010100000
111011101111101010000111000101011101
110111011111010100001110001010100111
101110111110101000011100010101010011
011101111101010000111000101010111011
111011111010100001110001010101110110
110111110101000011100010101011110001
101111101010000111000101010111111111
011111010100001110001010101111100011
111110101000011100010101011111000110
111101010000111000101010111110010001
111010100001110001010101111100111111
110101000011100010101011111001100011
101010000111000101010111110011011011
010100001110001010101111100110101011
101000011100010101011111001101010110
010000111000101010111110011010110001
100001110001010101111100110101100010
000011100010101011111001101011011001
000111000101010111110011010110110010
001110001010101111100110101101100100
011100010101011111001101011011001000
111000101010111110011010110110010000
110001010101111100110101101100111101
100010101011111001101011011001100111
000101010111110011010110110011010011
001010101111100110101101100110100110
010101011111001101011011001101001100
101010111110011010110110011010011000
010101111100110101101100110100101101
101011111001101011011001101001011010
010111110011010110110011010010101001
101111100110101101100110100101010010
011111001101011011001101001010111001
111110011010110110011010010101110010
111100110101101100110100101011111001
111001101011011001101001010111101111
110011010110110011010010101111000011
100110101101100110100101011110011011
001101011011001101001010111100101011
011010110110011010010101111001010110
110101101100110100101011110010101100
101011011001101001010111100101000101
010110110011010010101111001010010111
101101100110100101011110010100101110
011011001101001010111100101001000001
110110011010010101111001010010000010
101100110100101011110010100100011001
011001101001010111100101001000101111
110011010010101111001010010001011110
100110100101011110010100100010100001
001101001010111100101001000101011111
011010010101111001010010001010111110
110100101011110010100100010101111100
101001010111100101001000101011100101
